q = 0
A = 0.5
Y = 0.9
q2 = 100
q = q + A*(0+Y*q2-q)