X=1*1000
Z=100*1000
f=10
x = X*(f/Z)
x

X=20*1000
Z=400*1000
x=1
f = (x/X)*Z
f

X=2
f=40/1000
x=1/1000
Z = (f*X)/x
Z

Z=300
f=100/1000
x=1/1000
X = (Z*x)/f
X