dx=4
f=40
B=0.1*1000
Z=(f*B)/(dx)
Z

dx=0.05/1000
f=50/1000
Z=100
B=(Z*dx)/f
B

dx=0.1
B=0.2*1000
Z=50*1000
f=(Z*dx)/B
f

f=200
B=1*1000
Z=50*1000
dx=(f*B)/Z