r1 = 0.6
r2 = r1*0.6+(1-r1)*0.2
r3 = r2*0.6 + 0.2*(1-r2)