a1 = 0.5
a2 = a1*0.5+(1-a1)
a3 = a2*0.5+(1-a2)